'A*,2,1,1,0,0,0,0,0,0,0,0'.
'Dijkstra,2,1,1,1,0,0,0,0,0,0,0'.
'BFS,1,1,1,0,0,0,0,0,0,0,0'.
'RSA,2,0,0,1,0,0,1,0,0,0,0'.
'Diffie-Hellman,1,0,0,1,0,0,1,0,0,0,0'.
'Cesar cipher,0,0,0,0,0,0,1,0,0,0,0'.
'MD5,2,0,0,1,0,0,1,0,1,1,0'.
'SHA family,2,0,0,1,0,0,1,0,1,0,0'.
'Genetic,2,0,1,0,0,1,0,1,0,0,1'.
'Gradient descent,1,0,1,0,0,1,0,0,0,0,1'.
'Artifical pariciple algorithm,0,0,1,0,0,1,0,1,0,0,0'.
'Artifical bee algorithm,0,0,1,0,0,1,0,1,0,0,0'.
'Simplex method,0,0,0,0,0,1,0,0,0,0,0'.
'CNN,2,0,0,0,0,0,0,1,0,0,1'.
'Perceptron,1,0,0,0,0,0,0,1,0,0,1'.
'Bayes theorem,0,0,0,0,0,0,0,0,0,0,1'.
'Solution tree,1,0,0,0,0,0,0,0,0,0,1'.
'Linear search,1,0,1,0,0,0,0,0,0,0,0'.
'Binary search,2,0,1,0,0,0,0,0,0,0,0'.
'PageRank,0,1,1,1,0,0,0,0,0,0,0'.
'Fast sort,2,0,0,0,1,0,0,0,0,0,0'.
'Insertion sort,1,0,0,0,1,0,0,0,0,0,0'.
'Hoar sort,0,0,0,0,1,0,0,0,0,0,0'.
'name,0,0,0,0,0,0,0,0,0,0,0'.
'hiy,0,0,0,0,0,0,0,0,1,0,1'.
